Acetylene 90K, FTIR 4 wavenumber FWHM

      Microns         uncorrected reflectance
       1.450113       1.404946
       1.450519       1.450378
       1.450925       1.458023
       1.451331       1.447844
       1.451737       1.457375
       1.452144       1.451793
       1.452551       1.447991
       1.452958       1.411278
       1.453365       1.384506
       1.453773       1.376752
       1.454181       1.382678
       1.454589       1.392495
       1.454997       1.422639
       1.455405       1.445163
       1.455814       1.434110
       1.456223       1.425472
       1.456632       1.445323
       1.457042       1.461076
       1.457451       1.456324
       1.457861       1.438061
       1.458271       1.418143
       1.458682       1.404740
       1.459092       1.437142
       1.459503       1.454520
       1.459914       1.422512
       1.460325       1.380669
       1.460737       1.369747
       1.461148       1.392236
       1.461560       1.424573
       1.461972       1.439799
       1.462385       1.436477
       1.462797       1.391441
       1.463210       1.370018
       1.463623       1.407945
       1.464037       1.419102
       1.464450       1.402897
       1.464864       1.404154
       1.465278       1.391386
       1.465692       1.395661
       1.466107       1.418581
       1.466522       1.412959
       1.466937       1.382353
       1.467352       1.373926
       1.467767       1.367561
       1.468183       1.366843
       1.468599       1.416898
       1.469015       1.418833
       1.469431       1.361600
       1.469848       1.344931
       1.470265       1.362912
       1.470682       1.366540
       1.471099       1.357323
       1.471517       1.359688
       1.471935       1.363858
       1.472353       1.358222
       1.472771       1.348977
       1.473190       1.352856
       1.473608       1.369887
       1.474027       1.366468
       1.474447       1.385461
       1.474866       1.403958
       1.475286       1.399137
       1.475706       1.363138
       1.476126       1.335793
       1.476546       1.366143
       1.476967       1.363212
       1.477388       1.357394
       1.477809       1.371095
       1.478230       1.372231
       1.478652       1.347980
       1.479074       1.314605
       1.479496       1.322901
       1.479918       1.343066
       1.480341       1.354789
       1.480764       1.345107
       1.481187       1.312688
       1.481610       1.332110
       1.482034       1.368409
       1.482458       1.356402
       1.482882       1.355867
       1.483306       1.390390
       1.483730       1.370649
       1.484155       1.355201
       1.484580       1.356770
       1.485006       1.328206
       1.485431       1.342560
       1.485857       1.344565
       1.486283       1.304949
       1.486709       1.317346
       1.487135       1.332654
       1.487562       1.311405
       1.487989       1.305797
       1.488416       1.301836
       1.488844       1.277327
       1.489271       1.270575
       1.489699       1.260358
       1.490128       1.268333
       1.490556       1.273579
       1.490985       1.262561
       1.491414       1.245820
       1.491843       1.249515
       1.492272       1.262436
       1.492702       1.252460
       1.493132       1.240297
       1.493562       1.232764
       1.493993       1.235820
       1.494423       1.266857
       1.494854       1.280298
       1.495285       1.275217
       1.495717       1.265101
       1.496148       1.270443
       1.496580       1.295524
       1.497012       1.277406
       1.497445       1.266814
       1.497877       1.280600
       1.498310       1.281274
       1.498744       1.271869
       1.499177       1.273581
       1.499611       1.268555
       1.500045       1.249700
       1.500479       1.236957
       1.500913       1.237239
       1.501348       1.241812
       1.501783       1.259025
       1.502218       1.270485
       1.502653       1.249569
       1.503089       1.232843
       1.503525       1.226335
       1.503961       1.219997
       1.504398       1.214937
       1.504834       1.222541
       1.505271       1.224920
       1.505709       1.175470
       1.506146       1.120698
       1.506584       1.124255
       1.507022       1.180290
       1.507460       1.218833
       1.507898       1.209635
       1.508337       1.212929
       1.508776       1.215608
       1.509215       1.206232
       1.509655       1.198023
       1.510094       1.187172
       1.510534       1.159560
       1.510975       1.150095
       1.511415       1.164055
       1.511856       1.181560
       1.512297       1.191507
       1.512738       1.186199
       1.513180       1.174112
       1.513622       1.174465
       1.514064       1.163104
       1.514506       1.155893
       1.514948       1.164896
       1.515391       1.164091
       1.515834       1.154848
       1.516278       1.127628
       1.516721       1.110289
       1.517165       1.100583
       1.517609       1.102718
       1.518054       1.102257
       1.518499       1.090311
       1.518944       1.088802
       1.519389       1.106544
       1.519834       1.118217
       1.520280       1.132295
       1.520726       1.114317
       1.521172       1.082548
       1.521619       1.092181
       1.522065       1.107070
       1.522512       1.108303
       1.522960       1.123750
       1.523407       1.129797
       1.523855       1.097641
       1.524303       1.066440
       1.524751       1.047260
       1.525200       1.018489
       1.525649       1.005078
       1.526098       1.017014
       1.526547       0.999197
       1.526997       0.979528
       1.527447       0.989510
       1.527897       0.988877
       1.528347       1.017165
       1.528798       1.055230
       1.529249       1.074679
       1.529700       1.081613
       1.530152       1.103264
       1.530604       1.108523
       1.531055       1.089822
       1.531508       1.081156
       1.531960       1.077079
       1.532413       1.063257
       1.532866       1.045717
       1.533320       1.053370
       1.533773       1.069562
       1.534227       1.076103
       1.534682       1.048155
       1.535136       1.034983
       1.535591       1.044919
       1.536046       1.015745
       1.536501       0.993121
       1.536956       0.996189
       1.537412       1.003855
       1.537868       1.001494
       1.538324       0.998230
       1.538781       0.988980
       1.539238       0.990208
       1.539695       0.995230
       1.540153       0.994617
       1.540610       0.994059
       1.541068       0.980776
       1.541527       0.976409
       1.541985       0.990605
       1.542444       1.010519
       1.542903       1.011216
       1.543363       1.008674
       1.543822       1.025494
       1.544282       1.029839
       1.544742       1.027670
       1.545203       1.016579
       1.545663       0.994055
       1.546124       0.966678
       1.546586       0.934572
       1.547047       0.872209
       1.547509       0.801864
       1.547971       0.742003
       1.548433       0.715322
       1.548896       0.746454
       1.549359       0.777717
       1.549822       0.769447
       1.550285       0.744488
       1.550749       0.691405
       1.551213       0.635541
       1.551677       0.584050
       1.552142       0.522391
       1.552607       0.519023
       1.553072       0.597626
       1.553537       0.658257
       1.554003       0.639862
       1.554469       0.599138
       1.554935       0.619488
       1.555402       0.679558
       1.555868       0.733048
       1.556336       0.788162
       1.556803       0.869075
       1.557271       0.890410
       1.557738       0.809078
       1.558207       0.814841
       1.558675       0.962337
       1.559144       1.075752
       1.559613       1.107441
       1.560082       1.117098
       1.560552       1.121867
       1.561022       1.134298
       1.561492       1.147885
       1.561963       1.155416
       1.562433       1.173982
       1.562905       1.193152
       1.563376       1.194236
       1.563848       1.192061
       1.564319       1.184575
       1.564792       1.161776
       1.565264       1.144629
       1.565737       1.154022
       1.566210       1.169992
       1.566683       1.167615
       1.567156       1.161736
       1.567630       1.153954
       1.568105       1.138839
       1.568579       1.126920
       1.569054       1.105296
       1.569529       1.091749
       1.570004       1.119937
       1.570480       1.150599
       1.570956       1.137967
       1.571432       1.141116
       1.571908       1.180094
       1.572385       1.196913
       1.572862       1.172642
       1.573340       1.163723
       1.573817       1.176399
       1.574295       1.165388
       1.574773       1.167931
       1.575252       1.178046
       1.575731       1.179019
       1.576210       1.182058
       1.576689       1.194639
       1.577169       1.194490
       1.577649       1.182543
       1.578129       1.173672
       1.578610       1.167775
       1.579090       1.174093
       1.579572       1.172851
       1.580053       1.162286
       1.580535       1.171176
       1.581017       1.195530
       1.581499       1.193985
       1.581982       1.184807
       1.582465       1.189435
       1.582948       1.193210
       1.583431       1.188011
       1.583915       1.194180
       1.584399       1.201331
       1.584884       1.194702
       1.585368       1.184748
       1.585853       1.187690
       1.586339       1.192507
       1.586824       1.183640
       1.587310       1.165290
       1.587796       1.150359
       1.588283       1.149410
       1.588769       1.152034
       1.589256       1.157828
       1.589744       1.178971
       1.590231       1.181622
       1.590719       1.187163
       1.591208       1.190483
       1.591696       1.174860
       1.592185       1.182389
       1.592674       1.195286
       1.593163       1.173544
       1.593653       1.153172
       1.594143       1.161734
       1.594634       1.171643
       1.595124       1.175294
       1.595615       1.169016
       1.596107       1.187912
       1.596598       1.216457
       1.597090       1.198532
       1.597582       1.183301
       1.598075       1.184544
       1.598568       1.185080
       1.599061       1.182303
       1.599554       1.180066
       1.600048       1.189973
       1.600542       1.189121
       1.601036       1.183727
       1.601530       1.200812
       1.602025       1.214005
       1.602521       1.207857
       1.603016       1.206353
       1.603512       1.202799
       1.604008       1.209786
       1.604505       1.219657
       1.605001       1.212562
       1.605498       1.200400
       1.605996       1.192879
       1.606493       1.190637
       1.606991       1.204243
       1.607490       1.214211
       1.607988       1.206040
       1.608487       1.210715
       1.608986       1.221472
       1.609486       1.214021
       1.609986       1.189976
       1.610486       1.179650
       1.610986       1.198752
       1.611487       1.204876
       1.611988       1.190636
       1.612490       1.191927
       1.612991       1.194182
       1.613493       1.187146
       1.613996       1.184299
       1.614498       1.183928
       1.615001       1.185939
       1.615505       1.183477
       1.616008       1.172659
       1.616512       1.171594
       1.617016       1.170864
       1.617521       1.167464
       1.618026       1.183503
       1.618531       1.195852
       1.619036       1.199431
       1.619542       1.187632
       1.620048       1.168462
       1.620554       1.166414
       1.621061       1.182589
       1.621568       1.185588
       1.622076       1.163894
       1.622583       1.147422
       1.623091       1.161662
       1.623600       1.175981
       1.624108       1.170132
       1.624617       1.160215
       1.625127       1.160628
       1.625636       1.160539
       1.626146       1.168818
       1.626656       1.181551
       1.627167       1.167840
       1.627678       1.146856
       1.628189       1.159861
       1.628701       1.171440
       1.629212       1.162772
       1.629725       1.160436
       1.630237       1.171055
       1.630750       1.173492
       1.631263       1.172840
       1.631777       1.173324
       1.632290       1.155903
       1.632804       1.144790
       1.633319       1.149493
       1.633834       1.143305
       1.634349       1.142562
       1.634864       1.146707
       1.635380       1.149140
       1.635896       1.151053
       1.636412       1.148372
       1.636929       1.141406
       1.637446       1.131297
       1.637964       1.138753
       1.638481       1.148769
       1.638999       1.144514
       1.639518       1.136543
       1.640036       1.141431
       1.640555       1.148842
       1.641075       1.145146
       1.641594       1.141497
       1.642114       1.143091
       1.642634       1.138101
       1.643155       1.133847
       1.643676       1.132662
       1.644197       1.129349
       1.644719       1.132049
       1.645241       1.148428
       1.645763       1.153906
       1.646286       1.142276
       1.646809       1.129844
       1.647332       1.122128
       1.647856       1.122239
       1.648380       1.128679
       1.648904       1.124945
       1.649429       1.108679
       1.649953       1.103567
       1.650479       1.121184
       1.651004       1.133254
       1.651531       1.136231
       1.652057       1.133895
       1.652583       1.119547
       1.653110       1.108029
       1.653638       1.101422
       1.654165       1.095032
       1.654693       1.083703
       1.655222       1.085337
       1.655750       1.089761
       1.656279       1.088507
       1.656809       1.100644
       1.657338       1.111738
       1.657868       1.095755
       1.658399       1.076055
       1.658929       1.088819
       1.659460       1.105447
       1.659992       1.094663
       1.660523       1.080147
       1.661055       1.085876
       1.661588       1.095265
       1.662121       1.094226
       1.662654       1.082749
       1.663187       1.080732
       1.663721       1.096680
       1.664255       1.105973
       1.664789       1.103755
       1.665324       1.101535
       1.665859       1.089275
       1.666395       1.089504
       1.666931       1.101659
       1.667467       1.096630
       1.668003       1.085690
       1.668540       1.084506
       1.669077       1.078733
       1.669615       1.073426
       1.670153       1.069803
       1.670691       1.060297
       1.671229       1.056049
       1.671769       1.057414
       1.672308       1.062568
       1.672847       1.064219
       1.673387       1.051605
       1.673928       1.056041
       1.674468       1.062296
       1.675009       1.061141
       1.675551       1.057861
       1.676093       1.053378
       1.676635       1.051373
       1.677177       1.049788
       1.677720       1.057645
       1.678263       1.064659
       1.678806       1.059269
       1.679350       1.057109
       1.679894       1.063797
       1.680439       1.067234
       1.680984       1.062571
       1.681529       1.064369
       1.682074       1.070466
       1.682621       1.066890
       1.683167       1.061945
       1.683714       1.059546
       1.684260       1.059910
       1.684808       1.058591
       1.685356       1.057771
       1.685904       1.054601
       1.686452       1.049960
       1.687001       1.054411
       1.687550       1.062587
       1.688100       1.058937
       1.688650       1.053393
       1.689200       1.059474
       1.689751       1.068216
       1.690302       1.064066
       1.690853       1.044740
       1.691405       1.023120
       1.691957       1.008951
       1.692509       1.011600
       1.693061       1.014132
       1.693615       1.011689
       1.694168       1.011786
       1.694722       1.013606
       1.695276       1.028386
       1.695831       1.052830
       1.696385       1.060119
       1.696941       1.056066
       1.697497       1.057952
       1.698053       1.058790
       1.698609       1.060914
       1.699166       1.059293
       1.699723       1.058851
       1.700280       1.058051
       1.700838       1.047792
       1.701396       1.038463
       1.701955       1.041194
       1.702514       1.047872
       1.703073       1.049227
       1.703633       1.048391
       1.704193       1.047289
       1.704753       1.044934
       1.705314       1.048924
       1.705875       1.047844
       1.706436       1.044028
       1.706998       1.037765
       1.707561       1.042191
       1.708123       1.053565
       1.708686       1.055804
       1.709250       1.052068
       1.709813       1.043275
       1.710377       1.033677
       1.710942       1.035166
       1.711507       1.041552
       1.712072       1.037084
       1.712638       1.027183
       1.713204       1.027025
       1.713770       1.035197
       1.714337       1.037652
       1.714904       1.027659
       1.715471       1.014260
       1.716039       1.015108
       1.716607       1.015341
       1.717176       1.005923
       1.717745       1.003174
       1.718314       1.007525
       1.718884       1.004470
       1.719454       0.997117
       1.720024       0.994955
       1.720595       1.000535
       1.721167       1.001256
       1.721738       0.989620
       1.722310       0.963891
       1.722883       0.959402
       1.723455       0.988503
       1.724029       0.990429
       1.724602       0.944833
       1.725176       0.918042
       1.725750       0.959898
       1.726325       0.998426
       1.726900       1.006755
       1.727476       1.010761
       1.728051       1.016090
       1.728628       1.020705
       1.729204       1.015505
       1.729781       1.005798
       1.730358       0.999871
       1.730936       0.998489
       1.731514       1.000570
       1.732093       1.003566
       1.732672       1.005493
       1.733251       1.001622
       1.733831       0.996499
       1.734411       0.998745
       1.734991       1.009094
       1.735572       1.008548
       1.736153       1.003353
       1.736735       1.003625
       1.737317       1.001605
       1.737900       1.004680
       1.738482       1.010289
       1.739066       1.005092
       1.739649       1.000497
       1.740233       1.000733
       1.740817       1.001384
       1.741402       1.003751
       1.741987       1.004385
       1.742573       1.004071
       1.743159       1.001145
       1.743745       0.998365
       1.744332       0.993574
       1.744919       0.995825
       1.745506       0.998805
       1.746094       0.995436
       1.746683       0.989577
       1.747271       0.986149
       1.747860       0.988777
       1.748450       1.000514
       1.749040       1.006103
       1.749630       0.999733
       1.750221       0.996583
       1.750812       0.995307
       1.751403       0.993797
       1.751995       0.994326
       1.752588       0.992101
       1.753180       0.984845
       1.753773       0.978266
       1.754367       0.984348
       1.754961       0.992542
       1.755555       0.993592
       1.756150       0.990959
       1.756745       0.990436
       1.757340       0.993803
       1.757936       0.993052
       1.758533       0.992357
       1.759129       0.991437
       1.759726       0.989175
       1.760324       0.988845
       1.760922       0.986148
       1.761520       0.984895
       1.762119       0.987921
       1.762718       0.984929
       1.763318       0.983938
       1.763918       0.985025
       1.764518       0.979150
       1.765119       0.973273
       1.765720       0.977487
       1.766322       0.982717
       1.766924       0.987762
       1.767526       0.995032
       1.768129       0.993331
       1.768732       0.978052
       1.769336       0.964352
       1.769940       0.965151
       1.770545       0.974517
       1.771149       0.977247
       1.771755       0.971147
       1.772360       0.965373
       1.772967       0.967234
       1.773573       0.968749
       1.774180       0.965314
       1.774787       0.962562
       1.775395       0.957891
       1.776004       0.955977
       1.776612       0.954452
       1.777221       0.953306
       1.777831       0.955719
       1.778441       0.959097
       1.779051       0.965868
       1.779662       0.962564
       1.780273       0.950489
       1.780884       0.946433
       1.781496       0.949440
       1.782109       0.952835
       1.782721       0.953939
       1.783335       0.947861
       1.783948       0.939532
       1.784562       0.938224
       1.785177       0.944512
       1.785792       0.948962
       1.786407       0.947042
       1.787023       0.940498
       1.787639       0.931723
       1.788256       0.933597
       1.788873       0.941423
       1.789491       0.942932
       1.790108       0.936013
       1.790727       0.928290
       1.791346       0.924770
       1.791965       0.923288
       1.792585       0.924516
       1.793205       0.923621
       1.793825       0.922079
       1.794446       0.921658
       1.795067       0.921233
       1.795689       0.919825
       1.796311       0.921560
       1.796934       0.924488
       1.797557       0.925040
       1.798180       0.924586
       1.798804       0.922360
       1.799429       0.925306
       1.800053       0.928449
       1.800679       0.931014
       1.801304       0.933259
       1.801931       0.929088
       1.802557       0.924996
       1.803184       0.924542
       1.803812       0.930341
       1.804439       0.936136
       1.805068       0.932848
       1.805696       0.931250
       1.806326       0.930365
       1.806955       0.930010
       1.807585       0.930348
       1.808216       0.930503
       1.808847       0.934066
       1.809478       0.935191
       1.810110       0.931654
       1.810742       0.930298
       1.811375       0.926929
       1.812008       0.924320
       1.812641       0.924314
       1.813275       0.922758
       1.813910       0.926777
       1.814545       0.924418
       1.815180       0.917520
       1.815816       0.912960
       1.816452       0.910526
       1.817089       0.911636
       1.817726       0.912200
       1.818363       0.909871
       1.819001       0.909638
       1.819640       0.911058
       1.820279       0.914683
       1.820918       0.916051
       1.821558       0.911512
       1.822199       0.906234
       1.822839       0.900507
       1.823480       0.901565
       1.824122       0.906625
       1.824764       0.907933
       1.825406       0.909170
       1.826049       0.908559
       1.826693       0.903891
       1.827337       0.898135
       1.827981       0.896594
       1.828626       0.897529
       1.829271       0.897746
       1.829917       0.896725
       1.830563       0.895151
       1.831210       0.894662
       1.831857       0.897573
       1.832504       0.898811
       1.833152       0.896614
       1.833801       0.893809
       1.834450       0.889289
       1.835099       0.886328
       1.835749       0.883846
       1.836399       0.881549
       1.837050       0.882233
       1.837701       0.878360
       1.838353       0.874190
       1.839005       0.875015
       1.839658       0.879003
       1.840311       0.878878
       1.840964       0.874438
       1.841618       0.871201
       1.842272       0.872285
       1.842927       0.876577
       1.843583       0.875231
       1.844238       0.870975
       1.844895       0.866800
       1.845551       0.868681
       1.846209       0.873931
       1.846867       0.869675
       1.847525       0.860664
       1.848184       0.859957
       1.848843       0.861858
       1.849502       0.861703
       1.850162       0.858369
       1.850823       0.853236
       1.851484       0.849330
       1.852145       0.846615
       1.852807       0.845421
       1.853469       0.842591
       1.854132       0.843500
       1.854796       0.843950
       1.855459       0.838964
       1.856124       0.833634
       1.856789       0.825794
       1.857454       0.816563
       1.858120       0.814292
       1.858786       0.817802
       1.859453       0.816013
       1.860120       0.811011
       1.860788       0.808534
       1.861456       0.804241
       1.862124       0.797237
       1.862794       0.797274
       1.863463       0.802746
       1.864133       0.804682
       1.864804       0.804042
       1.865475       0.800852
       1.866146       0.800160
       1.866818       0.804488
       1.867491       0.806614
       1.868164       0.808329
       1.868837       0.812765
       1.869511       0.815582
       1.870185       0.812094
       1.870860       0.808835
       1.871536       0.808092
       1.872212       0.806580
       1.872888       0.808042
       1.873565       0.809646
       1.874242       0.810690
       1.874920       0.813106
       1.875599       0.815651
       1.876277       0.817671
       1.876957       0.816666
       1.877637       0.812361
       1.878317       0.812533
       1.878998       0.813752
       1.879679       0.811557
       1.880361       0.808094
       1.881043       0.806248
       1.881726       0.807631
       1.882409       0.819280
       1.883093       0.833749
       1.883777       0.837480
       1.884462       0.838100
       1.885147       0.836024
       1.885833       0.834826
       1.886519       0.836314
       1.887206       0.836489
       1.887893       0.837496
       1.888581       0.838693
       1.889269       0.839413
       1.889958       0.839263
       1.890647       0.835808
       1.891337       0.826113
       1.892027       0.808017
       1.892718       0.774858
       1.893409       0.721876
       1.894101       0.649248
       1.894793       0.567343
       1.895486       0.552116
       1.896179       0.626038
       1.896873       0.692983
       1.897568       0.726358
       1.898262       0.753431
       1.898958       0.769842
       1.899654       0.782090
       1.900350       0.792283
       1.901047       0.797788
       1.901744       0.799026
       1.902442       0.800757
       1.903140       0.804077
       1.903839       0.809021
       1.904539       0.811308
       1.905239       0.802555
       1.905939       0.795944
       1.906640       0.798819
       1.907342       0.803985
       1.908044       0.816149
       1.908746       0.828532
       1.909449       0.833636
       1.910153       0.832077
       1.910857       0.832957
       1.911561       0.838038
       1.912266       0.839757
       1.912972       0.840185
       1.913678       0.843295
       1.914385       0.845550
       1.915092       0.843205
       1.915800       0.842596
       1.916508       0.848650
       1.917217       0.852181
       1.917926       0.849077
       1.918636       0.844921
       1.919346       0.842069
       1.920057       0.842998
       1.920768       0.845369
       1.921480       0.845942
       1.922193       0.843564
       1.922906       0.837545
       1.923620       0.831033
       1.924333       0.819092
       1.925048       0.807508
       1.925763       0.796161
       1.926479       0.763733
       1.927195       0.693435
       1.927912       0.607587
       1.928629       0.579348
       1.929346       0.615995
       1.930065       0.609446
       1.930784       0.505346
       1.931503       0.371745
       1.932223       0.388893
       1.932943       0.554425
       1.933664       0.666018
       1.934386       0.712368
       1.935108       0.744146
       1.935830       0.762945
       1.936554       0.773856
       1.937277       0.781856
       1.938002       0.784468
       1.938726       0.782700
       1.939452       0.773097
       1.940177       0.759160
       1.940904       0.769128
       1.941631       0.797206
       1.942358       0.810157
       1.943086       0.810910
       1.943815       0.794557
       1.944544       0.743051
       1.945274       0.723426
       1.946004       0.762503
       1.946735       0.787999
       1.947466       0.800557
       1.948198       0.816309
       1.948930       0.823846
       1.949663       0.824728
       1.950397       0.825719
       1.951131       0.828325
       1.951865       0.830069
       1.952601       0.830272
       1.953336       0.829306
       1.954073       0.825360
       1.954809       0.826557
       1.955547       0.829216
       1.956285       0.826512
       1.957023       0.824423
       1.957762       0.827989
       1.958502       0.827550
       1.959242       0.822893
       1.959983       0.821868
       1.960724       0.823868
       1.961466       0.823304
       1.962208       0.824008
       1.962951       0.827013
       1.963695       0.829113
       1.964439       0.832547
       1.965183       0.828728
       1.965929       0.820032
       1.966674       0.821748
       1.967421       0.829220
       1.968168       0.832663
       1.968915       0.828370
       1.969663       0.821500
       1.970412       0.818170
       1.971161       0.815481
       1.971911       0.812471
       1.972661       0.814114
       1.973413       0.819753
       1.974164       0.822593
       1.974916       0.823880
       1.975669       0.827413
       1.976422       0.830298
       1.977176       0.830427
       1.977930       0.828759
       1.978685       0.827954
       1.979440       0.828297
       1.980196       0.826376
       1.980953       0.822585
       1.981710       0.823306
       1.982468       0.826782
       1.983226       0.827874
       1.983986       0.826786
       1.984745       0.825080
       1.985505       0.824117
       1.986266       0.824293
       1.987027       0.823656
       1.987789       0.822471
       1.988552       0.823241
       1.989315       0.823392
       1.990078       0.822034
       1.990842       0.818968
       1.991607       0.817653
       1.992373       0.818999
       1.993139       0.817286
       1.993905       0.814664
       1.994673       0.813944
       1.995440       0.813197
       1.996209       0.808018
       1.996978       0.804237
       1.997747       0.805770
       1.998517       0.805596
       1.999288       0.804073
       2.000059       0.801039
       2.000831       0.797137
       2.001604       0.797269
       2.002377       0.800217
       2.003151       0.801676
       2.003925       0.800370
       2.004700       0.799932
       2.005476       0.800256
       2.006252       0.801957
       2.007029       0.802706
       2.007806       0.801096
       2.008584       0.797799
       2.009362       0.796208
       2.010141       0.795978
       2.010921       0.795629
       2.011701       0.795788
       2.012482       0.794200
       2.013264       0.793127
       2.014046       0.794527
       2.014829       0.793645
       2.015612       0.790455
       2.016396       0.787342
       2.017180       0.785094
       2.017966       0.784162
       2.018752       0.783574
       2.019538       0.782780
       2.020325       0.780998
       2.021113       0.777742
       2.021901       0.776177
       2.022690       0.778746
       2.023479       0.776948
       2.024270       0.771053
       2.025060       0.767560
       2.025852       0.766059
       2.026644       0.766787
       2.027436       0.766113
       2.028229       0.761952
       2.029023       0.759709
       2.029818       0.761891
       2.030613       0.763412
       2.031409       0.760875
       2.032204       0.758771
       2.033001       0.760254
       2.033799       0.762297
       2.034597       0.759939
       2.035396       0.754237
       2.036195       0.748936
       2.036996       0.745583
       2.037796       0.742882
       2.038598       0.742006
       2.039400       0.742946
       2.040203       0.743020
       2.041006       0.744375
       2.041810       0.746266
       2.042614       0.747211
       2.043419       0.746186
       2.044225       0.745459
       2.045032       0.745333
       2.045839       0.742646
       2.046646       0.740786
       2.047455       0.738953
       2.048264       0.738672
       2.049073       0.740547
       2.049883       0.738220
       2.050694       0.732575
       2.051505       0.730052
       2.052317       0.730188
       2.053130       0.728231
       2.053944       0.724980
       2.054758       0.723186
       2.055573       0.722497
       2.056388       0.722733
       2.057204       0.721729
       2.058021       0.718839
       2.058838       0.717958
       2.059656       0.716446
       2.060475       0.711046
       2.061294       0.710028
       2.062114       0.712083
       2.062935       0.711938
       2.063756       0.708977
       2.064577       0.706729
       2.065400       0.708588
       2.066223       0.708443
       2.067047       0.704544
       2.067871       0.700572
       2.068696       0.697982
       2.069522       0.699683
       2.070349       0.701923
       2.071176       0.701206
       2.072004       0.698699
       2.072833       0.696758
       2.073662       0.697225
       2.074492       0.697703
       2.075322       0.697003
       2.076153       0.696035
       2.076985       0.695656
       2.077817       0.696241
       2.078650       0.697210
       2.079484       0.695205
       2.080319       0.690708
       2.081154       0.689425
       2.081990       0.691237
       2.082826       0.691770
       2.083663       0.691019
       2.084501       0.689362
       2.085340       0.687702
       2.086179       0.689903
       2.087018       0.690373
       2.087859       0.686032
       2.088700       0.681704
       2.089542       0.679626
       2.090385       0.678306
       2.091228       0.677330
       2.092072       0.679332
       2.092917       0.679202
       2.093762       0.677424
       2.094608       0.676457
       2.095454       0.674214
       2.096302       0.672203
       2.097150       0.671550
       2.097999       0.671171
       2.098848       0.669457
       2.099698       0.666686
       2.100549       0.664463
       2.101400       0.663816
       2.102252       0.662818
       2.103105       0.660327
       2.103959       0.658409
       2.104813       0.657246
       2.105668       0.655329
       2.106524       0.652944
       2.107380       0.651437
       2.108237       0.650015
       2.109094       0.650553
       2.109953       0.651483
       2.110812       0.649126
       2.111672       0.646296
       2.112532       0.644371
       2.113394       0.642153
       2.114255       0.640437
       2.115118       0.639322
       2.115981       0.638395
       2.116845       0.638060
       2.117710       0.638990
       2.118576       0.640251
       2.119442       0.640808
       2.120309       0.638979
       2.121176       0.639355
       2.122045       0.642776
       2.122913       0.642884
       2.123783       0.639709
       2.124654       0.634862
       2.125525       0.631063
       2.126396       0.629916
       2.127269       0.628698
       2.128142       0.625098
       2.129016       0.620408
       2.129891       0.616719
       2.130766       0.611723
       2.131642       0.604718
       2.132519       0.598515
       2.133397       0.591885
       2.134275       0.580692
       2.135154       0.569567
       2.136034       0.577788
       2.136914       0.609783
       2.137795       0.642684
       2.138677       0.665112
       2.139560       0.679414
       2.140444       0.686402
       2.141328       0.688149
       2.142213       0.688566
       2.143099       0.692368
       2.143985       0.695062
       2.144872       0.692967
       2.145760       0.692658
       2.146648       0.694858
       2.147537       0.696570
       2.148427       0.695399
       2.149318       0.691866
       2.150209       0.689957
       2.151101       0.688236
       2.151994       0.685132
       2.152888       0.683044
       2.153783       0.682652
       2.154678       0.683003
       2.155574       0.682960
       2.156470       0.683705
       2.157368       0.685346
       2.158266       0.686732
       2.159165       0.686979
       2.160064       0.686487
       2.160964       0.688488
       2.161865       0.689942
       2.162767       0.689192
       2.163670       0.690251
       2.164573       0.690805
       2.165478       0.689150
       2.166383       0.686009
       2.167288       0.685072
       2.168195       0.684989
       2.169102       0.686068
       2.170010       0.691029
       2.170919       0.696402
       2.171828       0.698091
       2.172739       0.700876
       2.173650       0.707987
       2.174561       0.708312
       2.175474       0.703984
       2.176387       0.704814
       2.177301       0.708346
       2.178216       0.713057
       2.179132       0.716329
       2.180048       0.716455
       2.180965       0.716594
       2.181883       0.717555
       2.182801       0.717087
       2.183721       0.715304
       2.184641       0.716263
       2.185562       0.717610
       2.186484       0.716555
       2.187407       0.714700
       2.188330       0.712566
       2.189254       0.711764
       2.190179       0.713490
       2.191105       0.713686
       2.192032       0.710284
       2.192959       0.706298
       2.193887       0.702089
       2.194816       0.697863
       2.195745       0.694144
       2.196676       0.690082
       2.197607       0.686257
       2.198539       0.680957
       2.199472       0.675639
       2.200405       0.669614
       2.201339       0.660498
       2.202275       0.651488
       2.203211       0.641801
       2.204147       0.628771
       2.205085       0.613174
       2.206023       0.598258
       2.206962       0.588207
       2.207902       0.583655
       2.208843       0.581392
       2.209784       0.576459
       2.210727       0.568381
       2.211670       0.561354
       2.212614       0.554701
       2.213559       0.545801
       2.214504       0.532313
       2.215451       0.517547
       2.216398       0.504980
       2.217346       0.495121
       2.218295       0.488042
       2.219244       0.480650
       2.220195       0.473352
       2.221146       0.469249
       2.222098       0.471431
       2.223051       0.481374
       2.224005       0.497238
       2.224959       0.513423
       2.225914       0.526510
       2.226871       0.536868
       2.227827       0.547123
       2.228785       0.557115
       2.229744       0.571567
       2.230703       0.606634
       2.231663       0.660626
       2.232625       0.706713
       2.233587       0.727765
       2.234549       0.732578
       2.235513       0.741558
       2.236477       0.754748
       2.237442       0.759652
       2.238408       0.759932
       2.239375       0.759609
       2.240343       0.759622
       2.241312       0.759255
       2.242281       0.757643
       2.243252       0.755694
       2.244223       0.753417
       2.245195       0.753455
       2.246168       0.753050
       2.247141       0.751612
       2.248116       0.750819
       2.249091       0.748889
       2.250067       0.746276
       2.251044       0.742882
       2.252022       0.739278
       2.253000       0.735091
       2.253980       0.731013
       2.254961       0.728213
       2.255942       0.723553
       2.256924       0.716106
       2.257907       0.708406
       2.258891       0.705805
       2.259876       0.709289
       2.260861       0.714392
       2.261847       0.720137
       2.262835       0.727407
       2.263823       0.734005
       2.264812       0.736827
       2.265802       0.736890
       2.266792       0.736007
       2.267784       0.736530
       2.268776       0.738776
       2.269770       0.739449
       2.270764       0.737798
       2.271759       0.736433
       2.272755       0.736576
       2.273752       0.736382
       2.274750       0.735234
       2.275748       0.733346
       2.276747       0.731797
       2.277748       0.732832
       2.278749       0.732027
       2.279751       0.727055
       2.280754       0.722373
       2.281758       0.719176
       2.282763       0.716384
       2.283768       0.714775
       2.284775       0.716084
       2.285782       0.717479
       2.286791       0.719211
       2.287800       0.721276
       2.288810       0.719565
       2.289821       0.712758
       2.290832       0.704284
       2.291845       0.699836
       2.292859       0.701842
       2.293873       0.709490
       2.294889       0.716821
       2.295905       0.720279
       2.296922       0.721363
       2.297940       0.719452
       2.298960       0.717448
       2.299979       0.718626
       2.301001       0.719466
       2.302022       0.719305
       2.303045       0.720501
       2.304068       0.721519
       2.305093       0.721694
       2.306118       0.721947
       2.307145       0.721582
       2.308172       0.720406
       2.309201       0.720028
       2.310230       0.719583
       2.311260       0.716024
       2.312290       0.711587
       2.313322       0.708069
       2.314355       0.704347
       2.315388       0.699137
       2.316423       0.691468
       2.317458       0.688175
       2.318495       0.692754
       2.319532       0.698370
       2.320570       0.701532
       2.321609       0.704238
       2.322650       0.705182
       2.323691       0.702209
       2.324733       0.698427
       2.325776       0.697806
       2.326820       0.697808
       2.327865       0.695780
       2.328910       0.693893
       2.329957       0.693095
       2.331005       0.691483
       2.332053       0.689113
       2.333103       0.688030
       2.334153       0.687474
       2.335205       0.684907
       2.336257       0.681742
       2.337310       0.679739
       2.338365       0.679307
       2.339420       0.677250
       2.340476       0.671864
       2.341533       0.668109
       2.342591       0.666177
       2.343650       0.662508
       2.344710       0.659678
       2.345771       0.657191
       2.346833       0.651739
       2.347896       0.646259
       2.348960       0.643053
       2.350024       0.638872
       2.351090       0.632605
       2.352157       0.626555
       2.353225       0.622789
       2.354293       0.618919
       2.355363       0.614557
       2.356434       0.610629
       2.357505       0.605540
       2.358577       0.601900
       2.359651       0.600086
       2.360726       0.596866
       2.361801       0.591516
       2.362878       0.587493
       2.363955       0.584615
       2.365033       0.580152
       2.366114       0.575151
       2.367194       0.571383
       2.368275       0.567145
       2.369358       0.563187
       2.370441       0.559515
       2.371525       0.554789
       2.372611       0.551459
       2.373697       0.548146
       2.374785       0.543586
       2.375873       0.541588
       2.376962       0.540725
       2.378052       0.538686
       2.379144       0.535341
       2.380236       0.533073
       2.381330       0.531615
       2.382424       0.528991
       2.383519       0.528323
       2.384615       0.530318
       2.385713       0.532221
       2.386811       0.532833
       2.387911       0.532278
       2.389011       0.530649
       2.390113       0.528381
       2.391215       0.526948
       2.392318       0.524979
       2.393423       0.521602
       2.394528       0.519771
       2.395635       0.519252
       2.396743       0.518496
       2.397851       0.518692
       2.398961       0.518593
       2.400071       0.518011
       2.401183       0.518273
       2.402296       0.517922
       2.403410       0.517983
       2.404524       0.519490
       2.405640       0.519681
       2.406757       0.518464
       2.407875       0.517660
       2.408994       0.518125
       2.410113       0.519383
       2.411234       0.520886
       2.412356       0.521432
       2.413479       0.521164
       2.414603       0.522136
       2.415729       0.525004
       2.416855       0.529234
       2.417982       0.533855
       2.419111       0.537750
       2.420240       0.540750
       2.421371       0.543715
       2.422502       0.546960
       2.423635       0.548458
       2.424768       0.548196
       2.425903       0.547431
       2.427038       0.544955
       2.428176       0.538698
       2.429314       0.529393
       2.430453       0.515642
       2.431592       0.490572
       2.432734       0.456060
       2.433876       0.421861
       2.435019       0.392117
       2.436163       0.365334
       2.437308       0.337610
       2.438454       0.304839
       2.439602       0.273917
       2.440750       0.259545
       2.441900       0.258423
       2.443051       0.254346
       2.444203       0.245824
       2.445355       0.239086
       2.446510       0.232784
       2.447665       0.225149
       2.448821       0.215851
       2.449978       0.202990
       2.451137       0.188447
       2.452296       0.177310
       2.453457       0.171129
       2.454618       0.170044
       2.455781       0.173765
       2.456945       0.179566
       2.458110       0.186557
       2.459276       0.197803
       2.460443       0.217647
       2.461612       0.248684
       2.462781       0.289433
       2.463952       0.333552
       2.465123       0.371071
       2.466296       0.399354
       2.467470       0.422651
       2.468645       0.442093
       2.469821       0.459184
       2.470998       0.473857
       2.472176       0.483119
       2.473356       0.489943
       2.474536       0.497428
       2.475718       0.502358
       2.476901       0.504249
       2.478085       0.506089
       2.479270       0.506422
       2.480456       0.503930
       2.481644       0.500542
       2.482832       0.498019
       2.484022       0.496415
       2.485213       0.494283
       2.486404       0.491615
       2.487597       0.488955
       2.488792       0.485238
       2.489987       0.481502
       2.491184       0.479422
       2.492381       0.476966
       2.493581       0.473920
       2.494781       0.469875
       2.495982       0.464105
       2.497184       0.457968
       2.498387       0.451237
       2.499592       0.447859
       2.500798       0.450027
