0.88421
0.90075
0.91692
0.93308
0.94980
0.96568
0.98226
0.99882
1.01479
1.03132
1.04755
1.06541 
1.08183
1.09806
1.11396
1.13024
1.14695
1.16370 
1.17996
1.19622
1.21246
1.22859
1.24492
1.26166 
1.27813
1.29482
1.31091
1.32695
1.34324
1.35952 
1.37695
1.39326
1.40940
1.42557
1.44184
1.45841
1.47514
1.49169
1.50794
1.52421
1.54035
1.55674 
1.57361
1.59018
1.60228
1.62523
1.64160
1.65567 
1.67238
1.68901
1.70536
1.72175
1.73802
1.75436
1.77105
1.78771
1.80401
1.82004
1.83616
1.85288
1.86933
1.88679
1.90261
1.91916
1.93545
1.95191
1.96871
1.98531
2.00167
2.01781
2.03424
2.05091
2.06757
2.08400
2.10034
2.11667
2.13337
2.15018
2.16652
2.18288
2.19920
2.21591
2.23282
2.24952
2.26622
2.28238
2.29921
2.31612
2.33325
2.35043
2.36765
2.38472
2.40156
2.41820
2.43471
2.45097
2.46723
2.48360
2.50002
2.51659
2.53292
2.54916
2.56437
2.58176
2.59807
2.61508
2.63000
2.64650
2.66146
2.68085
2.69620
2.71205
2.73270
2.74770
2.76305
2.78118
2.79889
2.81606
2.83247
2.84954
2.86609
2.88242
2.89878
2.91540
2.93143
2.94726
2.96327
2.97720
3.00072
3.01382
3.02970
3.04806
3.06446
3.08036
3.09689
3.11213
3.12962
3.14667
3.16304
3.17974
3.19708
3.21364
3.23150
3.24806
3.26561
3.28298
3.29946
3.31619
3.33338
3.34981
3.36564
3.38183
3.39872
3.41546
3.43178
3.44874
3.46475
3.48137
3.49795
3.51284
3.53015
3.54664
3.56274
3.58034
3.59610
3.61387
3.63085
3.64853
3.66522
3.68283
3.69953
3.71743
3.73439
3.75103
3.76763
3.78444
3.80083
3.81742
3.83472
3.85141
3.86184
3.88167
3.89859
3.91478
3.93069
3.94762
3.96375
3.98015
3.99672
4.01280
4.02944
4.04730
4.06295
4.08086
4.09743
4.11450
4.13183
4.14883
4.16644
4.18299
4.19839
4.21120
4.22402
4.24220
4.26028
4.27840
4.29650
4.31470
4.33280
4.35094
4.36646
4.38295
4.39793
4.41537
4.43172
4.44772
4.46573
4.48240
4.49951
4.51591
4.53379
4.55187
4.56797
4.58556
4.60290
4.62010
4.63615
4.65416
4.67034
4.68721
4.70290
4.71956
4.73706
4.75351
4.77031
4.78673
4.80349
4.81952
4.83577
4.85292
4.86940
4.88553
4.90265
4.91983
4.93685
4.95389
4.97178
4.98896
5.00576
5.02240
5.04078
5.05734
5.07402
5.09106
5.10680
5.12250
